0.000000000000000000e+00
0.000000000000000000e+00
0.000000000000000000e+00
0.000000000000000000e+00
0.000000000000000000e+00
0.000000000000000000e+00
0.000000000000000000e+00
0.000000000000000000e+00
0.000000000000000000e+00
3.863636363636363535e-01
4.242424242424242542e-01
4.393939393939393923e-01
4.469696969696969613e-01
4.545454545454545303e-01
5.075757575757575690e-01
5.378787878787878451e-01
5.681818181818182323e-01
5.757575757575758013e-01
5.833333333333333703e-01
6.287878787878787845e-01
6.515151515151514916e-01
6.742424242424241987e-01
7.121212121212121549e-01
7.272727272727272929e-01
7.878787878787878451e-01
7.954545454545454142e-01
8.106060606060605522e-01
8.181818181818182323e-01
8.409090909090909394e-01
8.636363636363636465e-01
8.787878787878787845e-01
8.939393939393939226e-01
9.090909090909090606e-01
9.242424242424241987e-01
9.393939393939394478e-01
9.469696969696970168e-01
9.545454545454545858e-01
9.621212121212121549e-01
9.696969696969697239e-01
9.848484848484848619e-01
9.924242424242424310e-01
9.924242424242424310e-01
9.924242424242424310e-01
9.924242424242424310e-01
9.924242424242424310e-01
1.000000000000000000e+00
1.000000000000000000e+00
1.000000000000000000e+00
1.000000000000000000e+00
1.000000000000000000e+00
1.000000000000000000e+00
1.000000000000000000e+00
1.000000000000000000e+00
1.000000000000000000e+00
1.000000000000000000e+00
1.000000000000000000e+00
1.000000000000000000e+00
1.000000000000000000e+00
1.000000000000000000e+00
1.000000000000000000e+00
1.000000000000000000e+00
1.000000000000000000e+00
1.000000000000000000e+00
1.000000000000000000e+00
1.000000000000000000e+00
1.000000000000000000e+00
1.000000000000000000e+00
1.000000000000000000e+00
1.000000000000000000e+00
1.000000000000000000e+00
1.000000000000000000e+00
1.000000000000000000e+00
1.000000000000000000e+00
1.000000000000000000e+00
1.000000000000000000e+00
1.000000000000000000e+00
1.000000000000000000e+00
1.000000000000000000e+00
1.000000000000000000e+00
1.000000000000000000e+00
1.000000000000000000e+00
1.000000000000000000e+00
1.000000000000000000e+00
1.000000000000000000e+00
1.000000000000000000e+00
1.000000000000000000e+00
1.000000000000000000e+00
1.000000000000000000e+00
1.000000000000000000e+00
1.000000000000000000e+00
1.000000000000000000e+00
1.000000000000000000e+00
1.000000000000000000e+00
1.000000000000000000e+00
1.000000000000000000e+00
1.000000000000000000e+00
1.000000000000000000e+00
1.000000000000000000e+00
1.000000000000000000e+00
1.000000000000000000e+00
