0.000000000000000000e+00
0.000000000000000000e+00
0.000000000000000000e+00
0.000000000000000000e+00
0.000000000000000000e+00
0.000000000000000000e+00
0.000000000000000000e+00
0.000000000000000000e+00
0.000000000000000000e+00
0.000000000000000000e+00
0.000000000000000000e+00
0.000000000000000000e+00
0.000000000000000000e+00
0.000000000000000000e+00
0.000000000000000000e+00
0.000000000000000000e+00
0.000000000000000000e+00
0.000000000000000000e+00
1.515151515151515194e-02
4.545454545454545581e-02
4.545454545454545581e-02
7.575757575757575968e-02
7.575757575757575968e-02
9.090909090909091161e-02
9.090909090909091161e-02
1.060606060606060635e-01
1.212121212121212155e-01
1.212121212121212155e-01
1.212121212121212155e-01
1.212121212121212155e-01
1.666666666666666574e-01
1.969696969696969613e-01
2.121212121212121271e-01
2.272727272727272652e-01
2.272727272727272652e-01
2.424242424242424310e-01
2.878787878787879007e-01
3.333333333333333148e-01
3.484848484848485084e-01
4.090909090909091161e-01
4.545454545454545303e-01
4.848484848484848619e-01
5.151515151515151381e-01
5.454545454545454142e-01
6.060606060606060774e-01
6.666666666666666297e-01
7.424242424242424310e-01
7.424242424242424310e-01
7.727272727272727071e-01
7.878787878787878451e-01
8.181818181818182323e-01
8.787878787878787845e-01
9.696969696969697239e-01
9.696969696969697239e-01
1.000000000000000000e+00
1.000000000000000000e+00
1.000000000000000000e+00
1.000000000000000000e+00
1.000000000000000000e+00
1.000000000000000000e+00
1.000000000000000000e+00
1.000000000000000000e+00
1.000000000000000000e+00
1.000000000000000000e+00
1.000000000000000000e+00
1.000000000000000000e+00
1.000000000000000000e+00
1.000000000000000000e+00
1.000000000000000000e+00
1.000000000000000000e+00
1.000000000000000000e+00
1.000000000000000000e+00
1.000000000000000000e+00
1.000000000000000000e+00
1.000000000000000000e+00
1.000000000000000000e+00
1.000000000000000000e+00
1.000000000000000000e+00
1.000000000000000000e+00
1.000000000000000000e+00
1.000000000000000000e+00
1.000000000000000000e+00
1.000000000000000000e+00
1.000000000000000000e+00
1.000000000000000000e+00
1.000000000000000000e+00
1.000000000000000000e+00
1.000000000000000000e+00
1.000000000000000000e+00
1.000000000000000000e+00
1.000000000000000000e+00
1.000000000000000000e+00
1.000000000000000000e+00
1.000000000000000000e+00
1.000000000000000000e+00
1.000000000000000000e+00
1.000000000000000000e+00
1.000000000000000000e+00
1.000000000000000000e+00
1.000000000000000000e+00
