0.000000000000000000e+00
0.000000000000000000e+00
0.000000000000000000e+00
0.000000000000000000e+00
0.000000000000000000e+00
0.000000000000000000e+00
0.000000000000000000e+00
0.000000000000000000e+00
0.000000000000000000e+00
1.666666666666666574e-01
1.666666666666666574e-01
1.666666666666666574e-01
1.742424242424242542e-01
1.742424242424242542e-01
1.742424242424242542e-01
1.818181818181818232e-01
1.969696969696969613e-01
2.196969696969696961e-01
2.575757575757575690e-01
2.803030303030302761e-01
3.030303030303030387e-01
3.181818181818181768e-01
3.560606060606060774e-01
3.787878787878787845e-01
3.939393939393939226e-01
4.318181818181818232e-01
4.545454545454545303e-01
5.000000000000000000e-01
5.227272727272727071e-01
5.454545454545454142e-01
5.757575757575758013e-01
5.909090909090909394e-01
6.136363636363636465e-01
6.212121212121212155e-01
6.742424242424241987e-01
6.969696969696970168e-01
7.045454545454545858e-01
7.196969696969697239e-01
7.651515151515151381e-01
7.954545454545454142e-01
8.181818181818182323e-01
8.181818181818182323e-01
8.333333333333333703e-01
8.484848484848485084e-01
8.560606060606060774e-01
8.863636363636363535e-01
8.863636363636363535e-01
8.939393939393939226e-01
9.015151515151514916e-01
9.318181818181817677e-01
9.545454545454545858e-01
9.545454545454545858e-01
9.848484848484848619e-01
9.924242424242424310e-01
9.924242424242424310e-01
9.924242424242424310e-01
9.924242424242424310e-01
9.924242424242424310e-01
9.924242424242424310e-01
1.000000000000000000e+00
1.000000000000000000e+00
1.000000000000000000e+00
1.000000000000000000e+00
1.000000000000000000e+00
1.000000000000000000e+00
1.000000000000000000e+00
1.000000000000000000e+00
1.000000000000000000e+00
1.000000000000000000e+00
1.000000000000000000e+00
1.000000000000000000e+00
1.000000000000000000e+00
1.000000000000000000e+00
1.000000000000000000e+00
1.000000000000000000e+00
1.000000000000000000e+00
1.000000000000000000e+00
1.000000000000000000e+00
1.000000000000000000e+00
1.000000000000000000e+00
1.000000000000000000e+00
1.000000000000000000e+00
1.000000000000000000e+00
1.000000000000000000e+00
1.000000000000000000e+00
1.000000000000000000e+00
1.000000000000000000e+00
1.000000000000000000e+00
1.000000000000000000e+00
1.000000000000000000e+00
1.000000000000000000e+00
1.000000000000000000e+00
1.000000000000000000e+00
1.000000000000000000e+00
1.000000000000000000e+00
1.000000000000000000e+00
1.000000000000000000e+00
1.000000000000000000e+00
1.000000000000000000e+00
1.000000000000000000e+00
