0.000000000000000000e+00
0.000000000000000000e+00
0.000000000000000000e+00
0.000000000000000000e+00
0.000000000000000000e+00
0.000000000000000000e+00
0.000000000000000000e+00
0.000000000000000000e+00
0.000000000000000000e+00
3.030303030303030387e-02
3.030303030303030387e-02
3.787878787878787984e-02
3.787878787878787984e-02
4.545454545454545581e-02
4.545454545454545581e-02
5.303030303030303177e-02
5.303030303030303177e-02
5.303030303030303177e-02
6.060606060606060774e-02
6.060606060606060774e-02
8.333333333333332871e-02
8.333333333333332871e-02
9.848484848484848064e-02
1.212121212121212155e-01
1.439393939393939503e-01
1.590909090909090884e-01
1.666666666666666574e-01
1.666666666666666574e-01
1.742424242424242542e-01
1.969696969696969613e-01
2.045454545454545581e-01
2.272727272727272652e-01
2.727272727272727071e-01
3.030303030303030387e-01
3.409090909090908839e-01
3.863636363636363535e-01
4.242424242424242542e-01
4.318181818181818232e-01
4.696969696969697239e-01
5.000000000000000000e-01
5.606060606060605522e-01
5.909090909090909394e-01
6.060606060606060774e-01
6.212121212121212155e-01
6.439393939393939226e-01
6.742424242424241987e-01
7.196969696969697239e-01
7.500000000000000000e-01
7.954545454545454142e-01
8.106060606060605522e-01
8.333333333333333703e-01
8.787878787878787845e-01
8.863636363636363535e-01
8.863636363636363535e-01
9.318181818181817677e-01
9.469696969696970168e-01
9.545454545454545858e-01
9.696969696969697239e-01
9.848484848484848619e-01
9.924242424242424310e-01
9.924242424242424310e-01
9.924242424242424310e-01
1.000000000000000000e+00
1.000000000000000000e+00
1.000000000000000000e+00
1.000000000000000000e+00
1.000000000000000000e+00
1.000000000000000000e+00
1.000000000000000000e+00
1.000000000000000000e+00
1.000000000000000000e+00
1.000000000000000000e+00
1.000000000000000000e+00
1.000000000000000000e+00
1.000000000000000000e+00
1.000000000000000000e+00
1.000000000000000000e+00
1.000000000000000000e+00
1.000000000000000000e+00
1.000000000000000000e+00
1.000000000000000000e+00
1.000000000000000000e+00
1.000000000000000000e+00
1.000000000000000000e+00
1.000000000000000000e+00
1.000000000000000000e+00
1.000000000000000000e+00
1.000000000000000000e+00
1.000000000000000000e+00
1.000000000000000000e+00
1.000000000000000000e+00
1.000000000000000000e+00
1.000000000000000000e+00
1.000000000000000000e+00
1.000000000000000000e+00
1.000000000000000000e+00
1.000000000000000000e+00
1.000000000000000000e+00
1.000000000000000000e+00
1.000000000000000000e+00
