0.000000000000000000e+00
0.000000000000000000e+00
0.000000000000000000e+00
0.000000000000000000e+00
0.000000000000000000e+00
0.000000000000000000e+00
0.000000000000000000e+00
0.000000000000000000e+00
0.000000000000000000e+00
7.575757575757575968e-03
2.272727272727272790e-02
3.030303030303030387e-02
3.030303030303030387e-02
3.030303030303030387e-02
3.030303030303030387e-02
3.787878787878787984e-02
3.787878787878787984e-02
4.545454545454545581e-02
4.545454545454545581e-02
5.303030303030303177e-02
5.303030303030303177e-02
6.060606060606060774e-02
6.060606060606060774e-02
6.818181818181817677e-02
8.333333333333332871e-02
9.090909090909091161e-02
1.136363636363636326e-01
1.287878787878787845e-01
1.590909090909090884e-01
1.818181818181818232e-01
1.969696969696969613e-01
2.196969696969696961e-01
2.500000000000000000e-01
2.575757575757575690e-01
2.878787878787879007e-01
3.181818181818181768e-01
3.560606060606060774e-01
3.787878787878787845e-01
4.090909090909091161e-01
4.621212121212120993e-01
4.848484848484848619e-01
5.000000000000000000e-01
5.303030303030302761e-01
5.757575757575758013e-01
6.515151515151514916e-01
6.818181818181817677e-01
7.045454545454545858e-01
7.272727272727272929e-01
7.500000000000000000e-01
7.878787878787878451e-01
8.333333333333333703e-01
8.787878787878787845e-01
9.242424242424241987e-01
9.545454545454545858e-01
9.545454545454545858e-01
9.621212121212121549e-01
9.848484848484848619e-01
9.924242424242424310e-01
9.924242424242424310e-01
9.924242424242424310e-01
1.000000000000000000e+00
1.000000000000000000e+00
1.000000000000000000e+00
1.000000000000000000e+00
1.000000000000000000e+00
1.000000000000000000e+00
1.000000000000000000e+00
1.000000000000000000e+00
1.000000000000000000e+00
1.000000000000000000e+00
1.000000000000000000e+00
1.000000000000000000e+00
1.000000000000000000e+00
1.000000000000000000e+00
1.000000000000000000e+00
1.000000000000000000e+00
1.000000000000000000e+00
1.000000000000000000e+00
1.000000000000000000e+00
1.000000000000000000e+00
1.000000000000000000e+00
1.000000000000000000e+00
1.000000000000000000e+00
1.000000000000000000e+00
1.000000000000000000e+00
1.000000000000000000e+00
1.000000000000000000e+00
1.000000000000000000e+00
1.000000000000000000e+00
1.000000000000000000e+00
1.000000000000000000e+00
1.000000000000000000e+00
1.000000000000000000e+00
1.000000000000000000e+00
1.000000000000000000e+00
1.000000000000000000e+00
1.000000000000000000e+00
1.000000000000000000e+00
1.000000000000000000e+00
1.000000000000000000e+00
