0.000000000000000000e+00
0.000000000000000000e+00
0.000000000000000000e+00
0.000000000000000000e+00
0.000000000000000000e+00
0.000000000000000000e+00
0.000000000000000000e+00
0.000000000000000000e+00
0.000000000000000000e+00
4.545454545454545581e-02
5.303030303030303177e-02
5.303030303030303177e-02
5.303030303030303177e-02
6.818181818181817677e-02
8.333333333333332871e-02
1.060606060606060635e-01
1.212121212121212155e-01
1.363636363636363535e-01
1.439393939393939503e-01
1.666666666666666574e-01
1.666666666666666574e-01
1.666666666666666574e-01
1.666666666666666574e-01
1.818181818181818232e-01
1.818181818181818232e-01
2.045454545454545581e-01
2.500000000000000000e-01
2.727272727272727071e-01
2.954545454545454697e-01
3.181818181818181768e-01
3.484848484848485084e-01
3.636363636363636465e-01
4.015151515151514916e-01
4.242424242424242542e-01
4.469696969696969613e-01
4.848484848484848619e-01
5.000000000000000000e-01
5.075757575757575690e-01
5.606060606060605522e-01
5.681818181818182323e-01
6.136363636363636465e-01
6.515151515151514916e-01
6.893939393939394478e-01
7.196969696969697239e-01
7.424242424242424310e-01
7.575757575757575690e-01
7.878787878787878451e-01
8.484848484848485084e-01
8.636363636363636465e-01
8.939393939393939226e-01
9.090909090909090606e-01
9.318181818181817677e-01
9.393939393939394478e-01
9.393939393939394478e-01
9.696969696969697239e-01
9.696969696969697239e-01
9.772727272727272929e-01
9.772727272727272929e-01
9.772727272727272929e-01
9.848484848484848619e-01
9.848484848484848619e-01
9.848484848484848619e-01
1.000000000000000000e+00
1.000000000000000000e+00
1.000000000000000000e+00
1.000000000000000000e+00
1.000000000000000000e+00
1.000000000000000000e+00
1.000000000000000000e+00
1.000000000000000000e+00
1.000000000000000000e+00
1.000000000000000000e+00
1.000000000000000000e+00
1.000000000000000000e+00
1.000000000000000000e+00
1.000000000000000000e+00
1.000000000000000000e+00
1.000000000000000000e+00
1.000000000000000000e+00
1.000000000000000000e+00
1.000000000000000000e+00
1.000000000000000000e+00
1.000000000000000000e+00
1.000000000000000000e+00
1.000000000000000000e+00
1.000000000000000000e+00
1.000000000000000000e+00
1.000000000000000000e+00
1.000000000000000000e+00
1.000000000000000000e+00
1.000000000000000000e+00
1.000000000000000000e+00
1.000000000000000000e+00
1.000000000000000000e+00
1.000000000000000000e+00
1.000000000000000000e+00
1.000000000000000000e+00
1.000000000000000000e+00
1.000000000000000000e+00
1.000000000000000000e+00
