0.000000000000000000e+00
0.000000000000000000e+00
0.000000000000000000e+00
0.000000000000000000e+00
0.000000000000000000e+00
0.000000000000000000e+00
0.000000000000000000e+00
0.000000000000000000e+00
0.000000000000000000e+00
1.470588235294117696e-01
1.568627450980392135e-01
1.633986928104575187e-01
1.699346405228758239e-01
1.862745098039215730e-01
1.928104575163398782e-01
2.058823529411764608e-01
2.189542483660130712e-01
2.385620915032679867e-01
2.516339869281045694e-01
2.679738562091503185e-01
3.039215686274509554e-01
3.267973856209150374e-01
3.529411764705882582e-01
3.725490196078431460e-01
4.150326797385621158e-01
4.444444444444444198e-01
4.803921568627451122e-01
4.967320261437908613e-01
5.130718954248365549e-01
5.392156862745097756e-01
5.882352941176470784e-01
6.111111111111111605e-01
6.307189542483659928e-01
6.633986928104574909e-01
6.830065359477124343e-01
7.026143790849672666e-01
7.189542483660130712e-01
7.352941176470588758e-01
7.581699346405228468e-01
7.875816993464052063e-01
8.071895424836601496e-01
8.169934640522875657e-01
8.333333333333333703e-01
8.366013071895425091e-01
8.496732026143790639e-01
8.627450980392157298e-01
8.758169934640522847e-01
8.856209150326797008e-01
8.954248366013072280e-01
9.084967320261437829e-01
9.346405228758170036e-01
9.542483660130719469e-01
9.607843137254902244e-01
9.673202614379085018e-01
9.771241830065359180e-01
9.836601307189541954e-01
9.901960784313725839e-01
9.967320261437908613e-01
9.967320261437908613e-01
1.000000000000000000e+00
1.000000000000000000e+00
1.000000000000000000e+00
1.000000000000000000e+00
1.000000000000000000e+00
1.000000000000000000e+00
1.000000000000000000e+00
1.000000000000000000e+00
1.000000000000000000e+00
1.000000000000000000e+00
1.000000000000000000e+00
1.000000000000000000e+00
1.000000000000000000e+00
1.000000000000000000e+00
1.000000000000000000e+00
1.000000000000000000e+00
1.000000000000000000e+00
1.000000000000000000e+00
1.000000000000000000e+00
1.000000000000000000e+00
1.000000000000000000e+00
1.000000000000000000e+00
1.000000000000000000e+00
1.000000000000000000e+00
1.000000000000000000e+00
1.000000000000000000e+00
1.000000000000000000e+00
1.000000000000000000e+00
1.000000000000000000e+00
1.000000000000000000e+00
1.000000000000000000e+00
1.000000000000000000e+00
1.000000000000000000e+00
1.000000000000000000e+00
1.000000000000000000e+00
1.000000000000000000e+00
1.000000000000000000e+00
1.000000000000000000e+00
1.000000000000000000e+00
1.000000000000000000e+00
1.000000000000000000e+00
