0.000000000000000000e+00
0.000000000000000000e+00
0.000000000000000000e+00
0.000000000000000000e+00
0.000000000000000000e+00
0.000000000000000000e+00
0.000000000000000000e+00
0.000000000000000000e+00
0.000000000000000000e+00
6.535947712418300852e-03
6.535947712418300852e-03
1.307189542483660170e-02
2.614379084967320341e-02
2.614379084967320341e-02
2.614379084967320341e-02
2.614379084967320341e-02
2.614379084967320341e-02
4.575163398692810163e-02
5.228758169934640682e-02
5.882352941176470507e-02
5.882352941176470507e-02
7.189542483660130157e-02
9.803921568627450844e-02
1.045751633986928136e-01
1.241830065359477153e-01
1.307189542483660205e-01
1.372549019607843257e-01
1.437908496732026031e-01
1.568627450980392135e-01
1.830065359477124065e-01
2.026143790849673221e-01
2.418300653594771255e-01
2.679738562091503185e-01
2.875816993464052063e-01
3.071895424836601496e-01
3.137254901960784270e-01
3.660130718954248130e-01
3.921568627450980338e-01
4.183006535947712545e-01
4.444444444444444198e-01
4.901960784313725283e-01
5.294117647058823595e-01
5.555555555555555802e-01
5.816993464052288010e-01
6.078431372549019107e-01
6.535947712418300748e-01
6.993464052287581278e-01
7.254901960784313486e-01
7.647058823529411242e-01
8.039215686274510109e-01
8.496732026143790639e-01
8.954248366013072280e-01
9.150326797385620603e-01
9.411764705882352811e-01
9.607843137254902244e-01
9.803921568627450567e-01
9.869281045751634451e-01
9.934640522875817226e-01
9.934640522875817226e-01
9.934640522875817226e-01
9.934640522875817226e-01
9.934640522875817226e-01
9.934640522875817226e-01
9.934640522875817226e-01
1.000000000000000000e+00
1.000000000000000000e+00
1.000000000000000000e+00
1.000000000000000000e+00
1.000000000000000000e+00
1.000000000000000000e+00
1.000000000000000000e+00
1.000000000000000000e+00
1.000000000000000000e+00
1.000000000000000000e+00
1.000000000000000000e+00
1.000000000000000000e+00
1.000000000000000000e+00
1.000000000000000000e+00
1.000000000000000000e+00
1.000000000000000000e+00
1.000000000000000000e+00
1.000000000000000000e+00
1.000000000000000000e+00
1.000000000000000000e+00
1.000000000000000000e+00
1.000000000000000000e+00
1.000000000000000000e+00
1.000000000000000000e+00
1.000000000000000000e+00
1.000000000000000000e+00
1.000000000000000000e+00
1.000000000000000000e+00
1.000000000000000000e+00
1.000000000000000000e+00
1.000000000000000000e+00
1.000000000000000000e+00
1.000000000000000000e+00
1.000000000000000000e+00
1.000000000000000000e+00
1.000000000000000000e+00
