0.000000000000000000e+00
0.000000000000000000e+00
0.000000000000000000e+00
0.000000000000000000e+00
0.000000000000000000e+00
0.000000000000000000e+00
0.000000000000000000e+00
0.000000000000000000e+00
0.000000000000000000e+00
7.843137254901960675e-01
8.006535947712418722e-01
8.169934640522875657e-01
8.235294117647058432e-01
8.300653594771242316e-01
8.464052287581699252e-01
8.562091503267973414e-01
8.660130718954248685e-01
8.692810457516340072e-01
8.790849673202614234e-01
8.888888888888888395e-01
8.921568627450980893e-01
8.921568627450980893e-01
8.954248366013072280e-01
9.084967320261437829e-01
9.215686274509803377e-01
9.346405228758170036e-01
9.411764705882352811e-01
9.509803921568626972e-01
9.607843137254902244e-01
9.673202614379085018e-01
9.738562091503267792e-01
9.738562091503267792e-01
9.803921568627450567e-01
9.836601307189541954e-01
9.869281045751634451e-01
9.869281045751634451e-01
9.901960784313725839e-01
9.901960784313725839e-01
9.967320261437908613e-01
9.967320261437908613e-01
9.967320261437908613e-01
9.967320261437908613e-01
9.967320261437908613e-01
9.967320261437908613e-01
9.967320261437908613e-01
9.967320261437908613e-01
9.967320261437908613e-01
9.967320261437908613e-01
9.967320261437908613e-01
9.967320261437908613e-01
9.967320261437908613e-01
1.000000000000000000e+00
1.000000000000000000e+00
1.000000000000000000e+00
1.000000000000000000e+00
1.000000000000000000e+00
1.000000000000000000e+00
1.000000000000000000e+00
1.000000000000000000e+00
1.000000000000000000e+00
1.000000000000000000e+00
1.000000000000000000e+00
1.000000000000000000e+00
1.000000000000000000e+00
1.000000000000000000e+00
1.000000000000000000e+00
1.000000000000000000e+00
1.000000000000000000e+00
1.000000000000000000e+00
1.000000000000000000e+00
1.000000000000000000e+00
1.000000000000000000e+00
1.000000000000000000e+00
1.000000000000000000e+00
1.000000000000000000e+00
1.000000000000000000e+00
1.000000000000000000e+00
1.000000000000000000e+00
1.000000000000000000e+00
1.000000000000000000e+00
1.000000000000000000e+00
1.000000000000000000e+00
1.000000000000000000e+00
1.000000000000000000e+00
1.000000000000000000e+00
1.000000000000000000e+00
1.000000000000000000e+00
1.000000000000000000e+00
1.000000000000000000e+00
1.000000000000000000e+00
1.000000000000000000e+00
1.000000000000000000e+00
1.000000000000000000e+00
1.000000000000000000e+00
1.000000000000000000e+00
1.000000000000000000e+00
1.000000000000000000e+00
1.000000000000000000e+00
1.000000000000000000e+00
1.000000000000000000e+00
