0.000000000000000000e+00
0.000000000000000000e+00
0.000000000000000000e+00
0.000000000000000000e+00
0.000000000000000000e+00
0.000000000000000000e+00
0.000000000000000000e+00
0.000000000000000000e+00
0.000000000000000000e+00
3.464052287581699252e-01
3.823529411764705621e-01
4.150326797385621158e-01
4.411764705882352811e-01
4.771241830065359735e-01
5.065359477124182774e-01
5.196078431372549433e-01
5.653594771241829964e-01
5.980392156862744946e-01
6.209150326797385766e-01
6.503267973856209361e-01
6.633986928104574909e-01
6.699346405228757684e-01
6.928104575163398504e-01
7.222222222222222099e-01
7.352941176470588758e-01
7.483660130718954306e-01
7.614379084967319855e-01
7.777777777777777901e-01
7.941176470588234837e-01
8.071895424836601496e-01
8.104575163398692883e-01
8.169934640522875657e-01
8.202614379084967045e-01
8.300653594771242316e-01
8.398692810457516478e-01
8.562091503267973414e-01
8.692810457516340072e-01
8.856209150326797008e-01
8.856209150326797008e-01
9.052287581699346442e-01
9.052287581699346442e-01
9.150326797385620603e-01
9.346405228758170036e-01
9.411764705882352811e-01
9.509803921568626972e-01
9.542483660130719469e-01
9.640522875816993631e-01
9.705882352941176405e-01
9.705882352941176405e-01
9.738562091503267792e-01
9.771241830065359180e-01
9.803921568627450567e-01
9.869281045751634451e-01
9.869281045751634451e-01
9.869281045751634451e-01
9.901960784313725839e-01
9.934640522875817226e-01
9.934640522875817226e-01
1.000000000000000000e+00
1.000000000000000000e+00
1.000000000000000000e+00
1.000000000000000000e+00
1.000000000000000000e+00
1.000000000000000000e+00
1.000000000000000000e+00
1.000000000000000000e+00
1.000000000000000000e+00
1.000000000000000000e+00
1.000000000000000000e+00
1.000000000000000000e+00
1.000000000000000000e+00
1.000000000000000000e+00
1.000000000000000000e+00
1.000000000000000000e+00
1.000000000000000000e+00
1.000000000000000000e+00
1.000000000000000000e+00
1.000000000000000000e+00
1.000000000000000000e+00
1.000000000000000000e+00
1.000000000000000000e+00
1.000000000000000000e+00
1.000000000000000000e+00
1.000000000000000000e+00
1.000000000000000000e+00
1.000000000000000000e+00
1.000000000000000000e+00
1.000000000000000000e+00
1.000000000000000000e+00
1.000000000000000000e+00
1.000000000000000000e+00
1.000000000000000000e+00
1.000000000000000000e+00
1.000000000000000000e+00
1.000000000000000000e+00
1.000000000000000000e+00
1.000000000000000000e+00
1.000000000000000000e+00
1.000000000000000000e+00
1.000000000000000000e+00
