0.000000000000000000e+00
0.000000000000000000e+00
0.000000000000000000e+00
0.000000000000000000e+00
0.000000000000000000e+00
0.000000000000000000e+00
0.000000000000000000e+00
0.000000000000000000e+00
0.000000000000000000e+00
5.882352941176470507e-02
6.535947712418301025e-02
7.189542483660130157e-02
8.169934640522875935e-02
8.496732026143791194e-02
8.823529411764706454e-02
1.078431372549019662e-01
1.143790849673202575e-01
1.470588235294117696e-01
1.535947712418300748e-01
1.568627450980392135e-01
1.699346405228758239e-01
1.830065359477124065e-01
1.928104575163398782e-01
1.993464052287581834e-01
2.156862745098039325e-01
2.254901960784313764e-01
2.483660130718954306e-01
2.777777777777777901e-01
3.071895424836601496e-01
3.398692810457516478e-01
3.529411764705882582e-01
3.921568627450980338e-01
4.183006535947712545e-01
4.444444444444444198e-01
4.869281045751633896e-01
5.065359477124182774e-01
5.326797385620914982e-01
5.620915032679738577e-01
5.947712418300653558e-01
6.339869281045751315e-01
6.797385620915032955e-01
6.960784313725489891e-01
7.352941176470588758e-01
7.516339869281045694e-01
7.745098039215686514e-01
8.039215686274510109e-01
8.235294117647058432e-01
8.496732026143790639e-01
8.758169934640522847e-01
8.986928104575163667e-01
9.313725490196078649e-01
9.346405228758170036e-01
9.542483660130719469e-01
9.705882352941176405e-01
9.738562091503267792e-01
9.771241830065359180e-01
9.803921568627450567e-01
9.901960784313725839e-01
9.901960784313725839e-01
9.934640522875817226e-01
9.967320261437908613e-01
1.000000000000000000e+00
1.000000000000000000e+00
1.000000000000000000e+00
1.000000000000000000e+00
1.000000000000000000e+00
1.000000000000000000e+00
1.000000000000000000e+00
1.000000000000000000e+00
1.000000000000000000e+00
1.000000000000000000e+00
1.000000000000000000e+00
1.000000000000000000e+00
1.000000000000000000e+00
1.000000000000000000e+00
1.000000000000000000e+00
1.000000000000000000e+00
1.000000000000000000e+00
1.000000000000000000e+00
1.000000000000000000e+00
1.000000000000000000e+00
1.000000000000000000e+00
1.000000000000000000e+00
1.000000000000000000e+00
1.000000000000000000e+00
1.000000000000000000e+00
1.000000000000000000e+00
1.000000000000000000e+00
1.000000000000000000e+00
1.000000000000000000e+00
1.000000000000000000e+00
1.000000000000000000e+00
1.000000000000000000e+00
1.000000000000000000e+00
1.000000000000000000e+00
1.000000000000000000e+00
1.000000000000000000e+00
1.000000000000000000e+00
1.000000000000000000e+00
1.000000000000000000e+00
