0.000000000000000000e+00
0.000000000000000000e+00
0.000000000000000000e+00
0.000000000000000000e+00
0.000000000000000000e+00
0.000000000000000000e+00
0.000000000000000000e+00
0.000000000000000000e+00
0.000000000000000000e+00
4.710144927536231985e-02
5.797101449275362389e-02
5.797101449275362389e-02
5.797101449275362389e-02
7.246376811594203160e-02
7.246376811594203160e-02
7.246376811594203160e-02
7.971014492753622505e-02
8.333333333333332871e-02
8.695652173913043237e-02
9.057971014492753603e-02
9.057971014492753603e-02
9.420289855072463969e-02
1.014492753623188470e-01
1.086956521739130405e-01
1.159420289855072478e-01
1.195652173913043514e-01
1.231884057971014551e-01
1.268115942028985588e-01
1.485507246376811530e-01
1.521739130434782705e-01
1.630434782608695676e-01
1.666666666666666574e-01
1.847826086956521618e-01
2.173913043478260809e-01
2.391304347826087029e-01
2.644927536231884146e-01
2.826086956521738913e-01
3.079710144927536031e-01
3.297101449275362528e-01
3.768115942028985588e-01
4.130434782608695676e-01
4.347826086956521618e-01
4.891304347826087029e-01
5.471014492753623060e-01
5.797101449275362528e-01
6.231884057971014412e-01
6.666666666666666297e-01
7.065217391304348116e-01
7.681159420289854767e-01
8.115942028985507761e-01
8.369565217391304879e-01
8.659420289855072062e-01
8.949275362318840354e-01
9.021739130434782705e-01
9.202898550724637472e-01
9.347826086956522174e-01
9.601449275362319291e-01
9.673913043478260532e-01
9.782608695652174058e-01
9.927536231884057649e-01
9.927536231884057649e-01
9.927536231884057649e-01
9.963768115942028825e-01
9.963768115942028825e-01
1.000000000000000000e+00
1.000000000000000000e+00
1.000000000000000000e+00
1.000000000000000000e+00
1.000000000000000000e+00
1.000000000000000000e+00
1.000000000000000000e+00
1.000000000000000000e+00
1.000000000000000000e+00
1.000000000000000000e+00
1.000000000000000000e+00
1.000000000000000000e+00
1.000000000000000000e+00
1.000000000000000000e+00
1.000000000000000000e+00
1.000000000000000000e+00
1.000000000000000000e+00
1.000000000000000000e+00
1.000000000000000000e+00
1.000000000000000000e+00
1.000000000000000000e+00
1.000000000000000000e+00
1.000000000000000000e+00
1.000000000000000000e+00
1.000000000000000000e+00
1.000000000000000000e+00
1.000000000000000000e+00
1.000000000000000000e+00
1.000000000000000000e+00
1.000000000000000000e+00
1.000000000000000000e+00
1.000000000000000000e+00
1.000000000000000000e+00
1.000000000000000000e+00
1.000000000000000000e+00
1.000000000000000000e+00
