0.000000000000000000e+00
0.000000000000000000e+00
0.000000000000000000e+00
0.000000000000000000e+00
0.000000000000000000e+00
0.000000000000000000e+00
0.000000000000000000e+00
0.000000000000000000e+00
0.000000000000000000e+00
9.456521739130434590e-01
9.474637681159420177e-01
9.492753623188405765e-01
9.528985507246376940e-01
9.528985507246376940e-01
9.528985507246376940e-01
9.528985507246376940e-01
9.528985507246376940e-01
9.565217391304348116e-01
9.565217391304348116e-01
9.565217391304348116e-01
9.565217391304348116e-01
9.565217391304348116e-01
9.583333333333333703e-01
9.619565217391304879e-01
9.619565217391304879e-01
9.619565217391304879e-01
9.637681159420289356e-01
9.637681159420289356e-01
9.637681159420289356e-01
9.637681159420289356e-01
9.673913043478260532e-01
9.692028985507246119e-01
9.692028985507246119e-01
9.746376811594202882e-01
9.764492753623188470e-01
9.764492753623188470e-01
9.764492753623188470e-01
9.764492753623188470e-01
9.818840579710145233e-01
9.855072463768116409e-01
9.927536231884057649e-01
9.927536231884057649e-01
9.927536231884057649e-01
9.963768115942028825e-01
9.963768115942028825e-01
9.963768115942028825e-01
9.981884057971014412e-01
9.981884057971014412e-01
9.981884057971014412e-01
9.981884057971014412e-01
9.981884057971014412e-01
1.000000000000000000e+00
1.000000000000000000e+00
1.000000000000000000e+00
1.000000000000000000e+00
1.000000000000000000e+00
1.000000000000000000e+00
1.000000000000000000e+00
1.000000000000000000e+00
1.000000000000000000e+00
1.000000000000000000e+00
1.000000000000000000e+00
1.000000000000000000e+00
1.000000000000000000e+00
1.000000000000000000e+00
1.000000000000000000e+00
1.000000000000000000e+00
1.000000000000000000e+00
1.000000000000000000e+00
1.000000000000000000e+00
1.000000000000000000e+00
1.000000000000000000e+00
1.000000000000000000e+00
1.000000000000000000e+00
1.000000000000000000e+00
1.000000000000000000e+00
1.000000000000000000e+00
1.000000000000000000e+00
1.000000000000000000e+00
1.000000000000000000e+00
1.000000000000000000e+00
1.000000000000000000e+00
1.000000000000000000e+00
1.000000000000000000e+00
1.000000000000000000e+00
1.000000000000000000e+00
1.000000000000000000e+00
1.000000000000000000e+00
1.000000000000000000e+00
1.000000000000000000e+00
1.000000000000000000e+00
1.000000000000000000e+00
1.000000000000000000e+00
1.000000000000000000e+00
1.000000000000000000e+00
1.000000000000000000e+00
1.000000000000000000e+00
1.000000000000000000e+00
1.000000000000000000e+00
1.000000000000000000e+00
