0.000000000000000000e+00
0.000000000000000000e+00
0.000000000000000000e+00
0.000000000000000000e+00
0.000000000000000000e+00
0.000000000000000000e+00
0.000000000000000000e+00
0.000000000000000000e+00
0.000000000000000000e+00
5.634057971014492239e-01
6.014492753623188470e-01
6.358695652173913526e-01
6.557971014492753881e-01
6.702898550724637472e-01
6.956521739130434590e-01
7.173913043478260532e-01
7.554347826086956763e-01
7.644927536231883591e-01
7.862318840579710644e-01
7.989130434782608647e-01
8.351449275362319291e-01
8.478260869565217295e-01
8.550724637681159646e-01
8.695652173913043237e-01
8.786231884057971175e-01
8.913043478260869179e-01
9.057971014492753881e-01
9.148550724637680709e-01
9.221014492753623060e-01
9.221014492753623060e-01
9.293478260869565410e-01
9.384057971014492239e-01
9.438405797101449002e-01
9.474637681159420177e-01
9.474637681159420177e-01
9.492753623188405765e-01
9.528985507246376940e-01
9.601449275362319291e-01
9.619565217391304879e-01
9.619565217391304879e-01
9.637681159420289356e-01
9.673913043478260532e-01
9.710144927536231707e-01
9.764492753623188470e-01
9.782608695652174058e-01
9.800724637681159646e-01
9.818840579710145233e-01
9.836956521739130821e-01
9.836956521739130821e-01
9.909420289855072062e-01
9.909420289855072062e-01
9.909420289855072062e-01
9.909420289855072062e-01
9.927536231884057649e-01
9.963768115942028825e-01
9.963768115942028825e-01
9.981884057971014412e-01
9.981884057971014412e-01
9.981884057971014412e-01
9.981884057971014412e-01
1.000000000000000000e+00
1.000000000000000000e+00
1.000000000000000000e+00
1.000000000000000000e+00
1.000000000000000000e+00
1.000000000000000000e+00
1.000000000000000000e+00
1.000000000000000000e+00
1.000000000000000000e+00
1.000000000000000000e+00
1.000000000000000000e+00
1.000000000000000000e+00
1.000000000000000000e+00
1.000000000000000000e+00
1.000000000000000000e+00
1.000000000000000000e+00
1.000000000000000000e+00
1.000000000000000000e+00
1.000000000000000000e+00
1.000000000000000000e+00
1.000000000000000000e+00
1.000000000000000000e+00
1.000000000000000000e+00
1.000000000000000000e+00
1.000000000000000000e+00
1.000000000000000000e+00
1.000000000000000000e+00
1.000000000000000000e+00
1.000000000000000000e+00
1.000000000000000000e+00
1.000000000000000000e+00
1.000000000000000000e+00
1.000000000000000000e+00
1.000000000000000000e+00
1.000000000000000000e+00
1.000000000000000000e+00
1.000000000000000000e+00
1.000000000000000000e+00
1.000000000000000000e+00
1.000000000000000000e+00
