0.000000000000000000e+00
0.000000000000000000e+00
0.000000000000000000e+00
0.000000000000000000e+00
0.000000000000000000e+00
0.000000000000000000e+00
0.000000000000000000e+00
0.000000000000000000e+00
0.000000000000000000e+00
1.793478260869565133e-01
2.065217391304347838e-01
2.173913043478260809e-01
2.355072463768115854e-01
2.554347826086956763e-01
2.717391304347825942e-01
2.916666666666666852e-01
3.061594202898550998e-01
3.297101449275362528e-01
3.568840579710144678e-01
4.021739130434782705e-01
4.293478260869565410e-01
4.565217391304347561e-01
4.818840579710144678e-01
5.072463768115942351e-01
5.471014492753623060e-01
5.797101449275362528e-01
6.141304347826086474e-01
6.286231884057971175e-01
6.648550724637680709e-01
6.884057971014492239e-01
7.137681159420289356e-01
7.409420289855072062e-01
7.663043478260869179e-01
8.025362318840579823e-01
8.278985507246376940e-01
8.496376811594202882e-01
8.623188405797101996e-01
8.804347826086956763e-01
8.931159420289854767e-01
9.166666666666666297e-01
9.257246376811594235e-01
9.438405797101449002e-01
9.474637681159420177e-01
9.547101449275362528e-01
9.583333333333333703e-01
9.619565217391304879e-01
9.673913043478260532e-01
9.710144927536231707e-01
9.764492753623188470e-01
9.800724637681159646e-01
9.836956521739130821e-01
9.855072463768116409e-01
9.909420289855072062e-01
9.945652173913043237e-01
9.963768115942028825e-01
9.963768115942028825e-01
9.963768115942028825e-01
1.000000000000000000e+00
1.000000000000000000e+00
1.000000000000000000e+00
1.000000000000000000e+00
1.000000000000000000e+00
1.000000000000000000e+00
1.000000000000000000e+00
1.000000000000000000e+00
1.000000000000000000e+00
1.000000000000000000e+00
1.000000000000000000e+00
1.000000000000000000e+00
1.000000000000000000e+00
1.000000000000000000e+00
1.000000000000000000e+00
1.000000000000000000e+00
1.000000000000000000e+00
1.000000000000000000e+00
1.000000000000000000e+00
1.000000000000000000e+00
1.000000000000000000e+00
1.000000000000000000e+00
1.000000000000000000e+00
1.000000000000000000e+00
1.000000000000000000e+00
1.000000000000000000e+00
1.000000000000000000e+00
1.000000000000000000e+00
1.000000000000000000e+00
1.000000000000000000e+00
1.000000000000000000e+00
1.000000000000000000e+00
1.000000000000000000e+00
1.000000000000000000e+00
1.000000000000000000e+00
1.000000000000000000e+00
1.000000000000000000e+00
1.000000000000000000e+00
1.000000000000000000e+00
1.000000000000000000e+00
1.000000000000000000e+00
1.000000000000000000e+00
1.000000000000000000e+00
