0.000000000000000000e+00
0.000000000000000000e+00
0.000000000000000000e+00
0.000000000000000000e+00
0.000000000000000000e+00
0.000000000000000000e+00
0.000000000000000000e+00
0.000000000000000000e+00
0.000000000000000000e+00
7.643678160919540332e-01
7.885057471264367290e-01
8.000000000000000444e-01
8.114942528735632488e-01
8.298850574712643979e-01
8.402298850574713152e-01
8.459770114942528618e-01
8.563218390804597790e-01
8.712643678160919558e-01
8.816091954022988730e-01
8.942528735632183645e-01
9.000000000000000222e-01
9.080459770114942541e-01
9.172413793103447732e-01
9.229885057471264309e-01
9.321839080459770610e-01
9.425287356321838672e-01
9.471264367816092378e-01
9.551724137931034697e-01
9.597701149425287293e-01
9.655172413793103869e-01
9.689655172413793593e-01
9.758620689655171931e-01
9.816091954022988508e-01
9.862068965517241104e-01
9.873563218390805085e-01
9.873563218390805085e-01
9.908045977011493699e-01
9.919540229885057681e-01
9.931034482758620552e-01
9.931034482758620552e-01
9.942528735632183423e-01
9.954022988505747405e-01
9.977011494252873147e-01
9.977011494252873147e-01
9.977011494252873147e-01
9.988505747126437129e-01
9.988505747126437129e-01
9.988505747126437129e-01
9.988505747126437129e-01
1.000000000000000000e+00
1.000000000000000000e+00
1.000000000000000000e+00
1.000000000000000000e+00
1.000000000000000000e+00
1.000000000000000000e+00
1.000000000000000000e+00
1.000000000000000000e+00
1.000000000000000000e+00
1.000000000000000000e+00
1.000000000000000000e+00
1.000000000000000000e+00
1.000000000000000000e+00
1.000000000000000000e+00
1.000000000000000000e+00
1.000000000000000000e+00
1.000000000000000000e+00
1.000000000000000000e+00
1.000000000000000000e+00
1.000000000000000000e+00
1.000000000000000000e+00
1.000000000000000000e+00
1.000000000000000000e+00
1.000000000000000000e+00
1.000000000000000000e+00
1.000000000000000000e+00
1.000000000000000000e+00
1.000000000000000000e+00
1.000000000000000000e+00
1.000000000000000000e+00
1.000000000000000000e+00
1.000000000000000000e+00
1.000000000000000000e+00
1.000000000000000000e+00
1.000000000000000000e+00
1.000000000000000000e+00
1.000000000000000000e+00
1.000000000000000000e+00
1.000000000000000000e+00
1.000000000000000000e+00
1.000000000000000000e+00
1.000000000000000000e+00
1.000000000000000000e+00
1.000000000000000000e+00
1.000000000000000000e+00
1.000000000000000000e+00
1.000000000000000000e+00
1.000000000000000000e+00
1.000000000000000000e+00
1.000000000000000000e+00
1.000000000000000000e+00
