0.000000000000000000e+00
0.000000000000000000e+00
0.000000000000000000e+00
0.000000000000000000e+00
0.000000000000000000e+00
0.000000000000000000e+00
0.000000000000000000e+00
0.000000000000000000e+00
0.000000000000000000e+00
2.298850574712643646e-02
2.758620689655172376e-02
2.988505747126436740e-02
3.218390804597701105e-02
3.678160919540229834e-02
4.597701149425287293e-02
4.827586206896551657e-02
5.287356321839080386e-02
5.517241379310344751e-02
6.666666666666666574e-02
7.356321839080459668e-02
8.045977011494252762e-02
9.655172413793103314e-02
1.149425287356321823e-01
1.264367816091954144e-01
1.586206896551724255e-01
1.724137931034482873e-01
1.908045977011494365e-01
2.183908045977011603e-01
2.344827586206896519e-01
2.574712643678160884e-01
2.781609195402298673e-01
2.896551724137931272e-01
3.218390804597701105e-01
3.494252873563218342e-01
3.954022988505747072e-01
4.229885057471264309e-01
4.620689655172413590e-01
4.873563218390804530e-01
5.080459770114942319e-01
5.448275862068965303e-01
5.839080459770115139e-01
6.229885057471263865e-01
6.574712643678161106e-01
6.827586206896552046e-01
7.172413793103448176e-01
7.471264367816091712e-01
7.747126436781609504e-01
8.045977011494253039e-01
8.367816091954023427e-01
8.574712643678160662e-01
8.781609195402299006e-01
9.149425287356321990e-01
9.310344827586206629e-01
9.471264367816092378e-01
9.609195402298850164e-01
9.793103448275861656e-01
9.885057471264367956e-01
9.908045977011493699e-01
9.954022988505747405e-01
9.954022988505747405e-01
9.954022988505747405e-01
9.977011494252873147e-01
9.977011494252873147e-01
9.977011494252873147e-01
9.977011494252873147e-01
1.000000000000000000e+00
1.000000000000000000e+00
1.000000000000000000e+00
1.000000000000000000e+00
1.000000000000000000e+00
1.000000000000000000e+00
1.000000000000000000e+00
1.000000000000000000e+00
1.000000000000000000e+00
1.000000000000000000e+00
1.000000000000000000e+00
1.000000000000000000e+00
1.000000000000000000e+00
1.000000000000000000e+00
1.000000000000000000e+00
1.000000000000000000e+00
1.000000000000000000e+00
1.000000000000000000e+00
1.000000000000000000e+00
1.000000000000000000e+00
1.000000000000000000e+00
1.000000000000000000e+00
1.000000000000000000e+00
1.000000000000000000e+00
1.000000000000000000e+00
1.000000000000000000e+00
1.000000000000000000e+00
1.000000000000000000e+00
1.000000000000000000e+00
1.000000000000000000e+00
1.000000000000000000e+00
1.000000000000000000e+00
1.000000000000000000e+00
1.000000000000000000e+00
1.000000000000000000e+00
