0.000000000000000000e+00
0.000000000000000000e+00
0.000000000000000000e+00
0.000000000000000000e+00
0.000000000000000000e+00
0.000000000000000000e+00
0.000000000000000000e+00
0.000000000000000000e+00
0.000000000000000000e+00
3.758620689655172153e-01
4.045977011494252817e-01
4.264367816091954033e-01
4.448275862068965525e-01
4.574712643678160995e-01
4.827586206896551935e-01
4.965517241379310276e-01
5.195402298850574363e-01
5.321839080459770388e-01
5.505747126436781880e-01
5.678160919540229390e-01
5.827586206896552268e-01
6.022988505747126631e-01
6.287356321839080442e-01
6.402298850574712485e-01
6.632183908045976573e-01
6.804597701149425193e-01
7.022988505747126409e-01
7.183908045977011048e-01
7.436781609195401987e-01
7.620689655172413479e-01
7.781609195402299228e-01
7.954022988505746738e-01
8.057471264367815911e-01
8.172413793103447954e-01
8.287356321839079998e-01
8.448275862068965747e-01
8.563218390804597790e-01
8.655172413793102981e-01
8.758620689655172153e-01
8.873563218390804197e-01
8.988505747126436241e-01
9.068965517241379670e-01
9.149425287356321990e-01
9.252873563218391162e-01
9.356321839080459224e-01
9.425287356321838672e-01
9.574712643678160440e-01
9.620689655172414145e-01
9.678160919540229612e-01
9.724137931034482207e-01
9.758620689655171931e-01
9.793103448275861656e-01
9.816091954022988508e-01
9.862068965517241104e-01
9.919540229885057681e-01
9.942528735632183423e-01
9.954022988505747405e-01
9.988505747126437129e-01
1.000000000000000000e+00
1.000000000000000000e+00
1.000000000000000000e+00
1.000000000000000000e+00
1.000000000000000000e+00
1.000000000000000000e+00
1.000000000000000000e+00
1.000000000000000000e+00
1.000000000000000000e+00
1.000000000000000000e+00
1.000000000000000000e+00
1.000000000000000000e+00
1.000000000000000000e+00
1.000000000000000000e+00
1.000000000000000000e+00
1.000000000000000000e+00
1.000000000000000000e+00
1.000000000000000000e+00
1.000000000000000000e+00
1.000000000000000000e+00
1.000000000000000000e+00
1.000000000000000000e+00
1.000000000000000000e+00
1.000000000000000000e+00
1.000000000000000000e+00
1.000000000000000000e+00
1.000000000000000000e+00
1.000000000000000000e+00
1.000000000000000000e+00
1.000000000000000000e+00
1.000000000000000000e+00
1.000000000000000000e+00
1.000000000000000000e+00
1.000000000000000000e+00
1.000000000000000000e+00
1.000000000000000000e+00
1.000000000000000000e+00
1.000000000000000000e+00
1.000000000000000000e+00
1.000000000000000000e+00
1.000000000000000000e+00
1.000000000000000000e+00
